거프 3 0 0 0 0 1 0 3 5
검은수염 3 0 1 2 0 3 0 3 3
도플라밍고 1 1 1 0 2 2 3 0 3
로우 3 1 1 2 1 3 2 1 1
루피 4 1 2 2 3 1 0 0 0
류마 0 5 1 2 1 2 1 0 1
마르코 1 1 0 0 2 3 0 5 3
마젤란 3 0 0 1 0 0 4 3 2
모몬가 1 2 0 0 1 1 1 3 4
미호크 0 4 1 0 0 1 0 2 4
바르톨로메오 3 2 3 2 0 0 0 3 1
바제스 1 0 1 1 1 0 4 5 0
바질호킨스 1 1 1 1 0 2 3 4 2
반더데켄 2 2 2 0 1 1 1 3 2
브룩 1 3 1 0 2 3 0 0 2
비비 1 0 3 3 0 1 1 2 2
사보 3 3 0 1 3 1 0 3 0
상디 1 1 1 0 4 3 2 0 1
샹크스 3 0 0 4 0 0 3 0 0
센토마루 2 1 1 1 1 3 2 1 2
슈가 0 3 2 1 1 2 2 0 0
시류 0 0 0 0 3 1 1 2 5
아오키지 2 0 3 3 3 4 0 0 0
아카이누 3 2 0 4 2 0 1 2 0
에넬 1 0 0 6 4 1 0 0 0
오즈 3 4 0 0 2 4 0 0 0
우솝 0 0 3 4 0 0 1 1 2
이완코브 1 2 2 3 4 1 1 0 0
제프 0 3 3 1 4 0 1 2 0
조로 0 5 0 0 1 2 0 2 2
죠즈 1 1 2 1 0 2 1 2 3
쵸파 1 3 0 0 2 4 1 1 2
카쿠 1 0 3 0 3 2 0 2 4
크로커다일 2 1 2 3 2 0 2 1 2
키드 1 1 4 0 0 2 3 1 1
키자루 2 2 1 0 1 3 3 1 1
킨에몬 2 2 1 1 0 1 1 4 2
프랑키 5 2 1 3 1 1 0 0 2
핸콕 4 0 5 0 0 0 0 2 0